- OS: Windows-10-10.0.22621-SP0 10.0.22621
- Python: 3.11.5
- Stable-Baselines3: 2.2.1
- PyTorch: 2.1.1+cpu
- GPU Enabled: False
- Numpy: 1.24.3
- Cloudpickle: 2.2.1
- Gymnasium: 0.29.1
